0
0 1 0 0 0 1 0 0 0 0 0 0 0 1031816520 32766 0 0 
0 0 0 0 0 0 1031340032 32766 1243609648 245 0 0 1031816175 32766 1243609648 245 251658255 
32766 1241092176 245 1241102318 245 0 0 0 0 -1505230512 632 -1505184464 632 0 0 0 0 
681 0 1031620394 32766 -1505217776 632 1243609849 245 -1505230848 632 681 0 -1505184448 632 -1505184464 632 1024 
0 1031600072 32766 -1505230848 632 1243609849 245 -1505185616 632 -1505217776 632 681 0 681 0 0 1 
-1505185606 632 0 0 -1505185600 632 0 0 681 0 -1502543536 632 128 0 0 625 0 
0 1152 0 -1502538656 632 -1505185616 632 0 0 117 0 1031620394 32766 -1502543128 632 -1505185616 632 
128 0 117 32766 -1502538640 632 -1505217644 632 -1505230512 632 1031600486 32766 -1502543872 632 -1505230848 632 -1502538688 
632 1996488823 0 117 632 681 0 0 1 -1502538678 632 -1502543872 632 -1502538672 632 0 0 
654311718 0 294 0 654311718 0 -1505219696 632 0 632 -1502543536 632 -1502538464 632 0 0 0 
0 105 0 1031620394 32766 -1502543128 632 1243610329 245 -1502543872 632 105 0 -1502538448 632 -1502538464 632 
128 0 1031600072 32766 -1502543872 632 1243610329 245 -1502538656 632 1962934389 0 105 632 105 0 -1502538752 
1 -1502538646 632 0 0 -1502538640 632 0 0 105 0 294 0 12 0 0 632 
0 32766 192 0 2883586 32766 -1502538656 632 1152 0 -1505229456 632 1243609744 245 3 0 -1502538656 
632 12 0 1118270432 0 1243610560 245 0 0 -1502543536 632 1118270432 32759 1118175232 32759 -1502543872 632 
538 0 0 0 1118191616 32759 105 0 128 0 65536 0 4096 32 16777216 0 0 
0 0 0 0 0 0 0 -1502536744 632 1424490499 -4523655 1801977856 60491 10 0 0 0 
